"subject" "Y" "sd_X" "mean_X" "sd_body_acc_x" "mean_body_acc_x" "sd_body_acc_y" "mean_body_acc_y" "sd_body_acc_z" "mean_body_acc_z" "sd_body_gyro_x" "mean_body_gyro_x" "sd_body_gyro_y" "mean_body_gyro_y" "sd_body_gyro_z" "mean_body_gyro_z" "sd_total_acc_x" "mean_total_acc_x" "sd_total_acc_y" "mean_total_acc_y" "sd_total_acc_z" "mean_total_acc_z"
1 1 0.452722654264638 -0.317732449943276 0.234133338780874 0.00176488732792028 0.192116753389082 0.00136142189137844 0.136100278562349 0.000123994608826856 0.460148204398441 -0.0109196406755078 0.725724933538022 0.00778033525122906 0.319697711403702 0.00186873397860234 0.233861527742345 0.991144904539822 0.191816890451813 -0.260349970048496 0.134023290420627 -0.0717812682735274
1 2 0.484862873610122 -0.405409679548549 0.211075716737085 -0.00288571143212439 0.172166978248995 -0.0022122152714163 0.179359824376013 0.00499781049128985 0.398028599008249 0.0831365889444548 0.770670697587944 -0.0351653575497497 0.240820734434467 -0.01041788195961 0.210133677853263 0.957106212172915 0.171065484037623 -0.343198039207109 0.172738396075077 -0.0740610323016266
1 3 0.455514566936833 -0.295886896276383 0.336079889792081 0.00497984395241449 0.167107738240112 0.0050528530224277 0.141422318310637 0.00133932855084183 0.473650027519683 -0.00390449900812143 0.670805656547777 -0.0022356345156714 0.426010424400372 0.00495022735107075 0.335222988334404 0.992005386715454 0.166002821400445 -0.241250136100519 0.138533330819824 -0.0647382591237318
1 4 0.546477904027143 -0.631305794429848 0.0088169456999404 -0.00327253897814033 0.0149526077204382 0.00835451633440557 0.0138905489270345 0.00134126348604859 0.0215434646598802 -0.0179209549332825 0.0276759264377177 -0.00766331988387565 0.030553897435541 -0.0100400938009328 0.00646400176746432 0.91331266578972 0.00762917750910514 0.22878469560167 0.00854657876357304 0.31959619881278
1 5 0.542181337789553 -0.645308052260776 0.00279620777116816 0.00029606480338931 0.00631350409967788 0.000569682437685963 0.00666297501787722 -0.000700334398825465 0.0128522266389872 0.00387288500136761 0.0114006198961243 0.00678238110073959 0.0115637624739882 -0.00497476137718892 0.00240779994949359 0.995098707795425 0.00454784762390517 -0.252054540789225 0.00470244282802395 0.00695760625175329
1 6 0.542294404739403 -0.605476454475559 0.0247932385018487 -0.0112542677687748 0.0296083056112129 -0.0119363398686284 0.0343065220791623 -0.00133883927046913 0.111817844454636 0.0122483272316541 0.0394522230181932 0.00472003786151002 0.0466008544566952 0.0277457405714116 0.018890489881379 0.147160464055825 0.0254179155859209 0.705144615858899 0.0272580495080411 0.427844668772481
2 1 0.471751410540144 -0.384182365060794 0.188678607759782 0.0012276371811992 0.159223036474717 0.000476118325230366 0.106385882218855 0.00174486654512081 0.383504266451495 -0.0229700746226569 0.355332679945745 0.0144476789279344 0.25345015970436 0.000428053994888616 0.188328319595238 0.975024532985957 0.158733275151833 -0.325098651004604 0.105553809812103 0.0788747352269891
2 2 0.466703992931453 -0.362505213825313 0.227428597731043 -0.00445552133506298 0.191017624067003 -0.000743611429194423 0.16269940599083 -0.013228678788479 0.490001601715019 -0.0269189189083784 0.410568810200016 0.0221109311286177 0.406984635848773 -0.00452834306783897 0.226144867715474 0.883512648619241 0.188107185987623 -0.395318274696737 0.160406577528359 -0.209739966823046
2 3 0.465729490758389 -0.258386533659573 0.341385987338924 0.0026544964401401 0.217471386768029 -0.00118873916686503 0.164368852531311 -0.00151368764166557 0.593160810128313 -0.0857358233116228 0.449272731386614 0.0346255198322673 0.351097151337718 0.00748261394766167 0.340525652499106 0.940528706971377 0.216260901216394 -0.306129608970613 0.162304987785511 -0.0498077690073322
2 4 0.536914141147994 -0.638502696898794 0.00570006599370221 -5.5685604489838e-05 0.0101547066930396 0.000833450268716519 0.0102503102228301 -0.00021902729950553 0.0141148265038151 -0.0181019632598852 0.0181485853726156 0.00659660053124104 0.0216553942595138 -0.0196404254052317 0.00364126414634849 0.992997419169318 0.0071245124028211 -0.0859534368407601 0.00702011215490257 0.188054082263756
2 5 0.536059426538189 -0.634368668422514 0.00555398629324167 0.000111700869003108 0.00902714663922681 -0.000597585076441538 0.0120642036221216 0.000879898171997784 0.0252118750798988 0.00409697047854601 0.0238727618319271 -0.00326460754397616 0.0192087405353638 0.000808687091210687 0.00469182515035936 0.962614660416038 0.0075230827390029 -0.349424655904693 0.00848131413342389 0.121887809200001
2 6 0.543318302012276 -0.637868335799658 0.0098467393932228 0.000852884947763032 0.00510277494154364 -0.000491604062403538 0.00586136617818346 0.000393548634863179 0.0119088920333111 0.00950540609220651 0.0155671989615223 -0.0166618108370609 0.0214119134308631 0.0258787779313504 0.0057837440970888 -0.0237800574151388 0.00411191445115856 0.763178002792903 0.00497193177537168 0.625637942122936
3 1 0.47042947054323 -0.385340426338184 0.209240438011909 0.00121135438524268 0.160619943966853 0.00122501077081762 0.113191908681054 -0.000554029694022833 0.374518140311476 0.00498511336523197 0.33593479222256 0.0010022573635296 0.255575367320821 -0.000207653325251589 0.208855638345089 0.991491190005883 0.160044261487548 -0.240491524058878 0.111990607320487 -0.140714838484081
3 2 0.483280166456723 -0.422659805550886 0.224586664007498 -0.00168531673963443 0.174549769913918 -0.00659557442095373 0.116367360336316 0.00032608995502334 0.475384049890987 0.105890473795581 0.321428565807872 -0.0265992350740817 0.248006907273706 -0.0265228725359074 0.223791894945592 0.951418404178398 0.171696008995111 -0.368106431885335 0.112637361322145 -0.164072153102175
3 3 0.471565414517055 -0.349073324403032 0.307668643333323 0.00542113706546635 0.166900276896801 0.000139837247458198 0.117718719997164 -0.0016546893854839 0.644656735321296 -0.101327481791725 0.34898905646207 0.0297657794893658 0.272226309778443 0.0185760916553431 0.306916938375243 0.997488275524504 0.165618896885268 -0.208723533593897 0.113682250594221 -0.106972435893221
3 4 0.535481364875035 -0.620719872215977 0.0108374794691943 -0.0040829813648846 0.0262275146747725 0.00729968802707871 0.0254857388640847 0.00345887983960262 0.0317985432119848 -0.0108687997334114 0.0442258869068616 -6.10757101027422e-05 0.0378227915221471 0.0036653288885715 0.00938033784252548 0.961341864202119 0.0182465814187383 0.151310754440753 0.01857692866117 0.133483581919854
3 5 0.523981202663951 -0.624776960528716 0.0122240271263694 0.000599986512778947 0.0199355988291742 0.00161205038976536 0.0189560668725099 0.00233845386450427 0.0883771289893086 0.00376771576737423 0.057290164184632 0.00753549801092166 0.0446256040225644 -0.00835231073964412 0.0113600586587806 0.989840381557782 0.0173010525390164 -0.279511362510499 0.0133558914311219 0.0209600923662395
3 6 0.53124691328834 -0.639359163028114 0.00701450518248103 -0.000366636902947509 0.00821526860829795 -0.000882240461284012 0.00955562439676781 0.00237087974325811 0.0238646286818087 0.00720298050303277 0.0194092939919658 0.00126537490359238 0.0198629384223414 0.0228439126949541 0.00629753215935452 0.163086940034244 0.00692185637651388 0.846519778306495 0.00827128234334369 0.47341696755505
4 1 0.485536384535955 -0.428926556121431 0.183094461715684 0.00162509756341099 0.159097393646937 0.00242940840046333 0.0774329765857893 -0.000414362134095949 0.436304469595107 -0.00083746681745395 0.258157629819505 0.00273990650382045 0.165557090664548 -0.00124839877176836 0.182891567054605 1.01119896948621 0.158497239559965 -0.0647406848660364 0.0763835890691704 0.118679504861066
4 2 0.482342658990012 -0.413663216039928 0.259738018657437 0.000643625815934214 0.161170726140763 -0.00647522996562617 0.115938777844976 -0.00103902239356459 0.476784496942272 0.0723194483503336 0.345586194162997 -0.00252124588320276 0.311686921524456 0.00155656366981689 0.258730544473538 0.997765816102061 0.158525222228117 -0.219427218570574 0.111814167246818 0.0755197021681954
4 3 0.485503779291866 -0.362279241336623 0.329958141194942 0.00304644062830877 0.135220244133688 0.00486629248406821 0.0966875520268981 0.00125105644614305 0.550094617120377 -0.0726550078431426 0.232084546764709 0.00356276975831385 0.245027392765201 -0.00998809508351179 0.329112731427594 1.00119970384397 0.133360766413826 -0.0387587999507318 0.0951198784989858 0.14077006744158
4 4 0.530636923654938 -0.625015003142872 0.00781594562106075 -0.00117397551435224 0.0204865807505306 0.00535031465988132 0.0152183364955828 0.000915473734031185 0.0277083407852219 -0.0220622177017589 0.0338044839281327 -0.00649847269010099 0.0370681579341728 0.00679460951268661 0.00618203882867003 0.941937320611075 0.0141956565373136 0.232934525611032 0.0116428210405499 0.102785338631322
4 5 0.530351097607765 -0.616539404062263 0.00891715495301658 0.000667030397652399 0.0253768567076598 0.00417764047913607 0.0215706226188622 0.00414978605215314 0.080343278364273 -0.00241659895280187 0.0408786066128404 0.00592332948336476 0.0457726925076486 -0.00437454486316219 0.00655793475705235 1.00474935475448 0.0167422906366435 -0.0531912203578139 0.0148038141996081 0.161354971316608
4 6 0.538918856382756 -0.628793596851745 0.016301167906698 -0.00273978325021752 0.0116905445540906 0.00120176292385686 0.00973972723719199 -0.000704781366821653 0.0251214912678451 0.0190687799080971 0.0317826221694184 -0.00811919895122874 0.020556240524842 0.0367797873385279 0.00716388228582846 0.0351047399373607 0.00898748158224059 0.926022436678932 0.00842137146289777 0.326832787667097
5 1 0.471349048704243 -0.377022872572947 0.230767906881349 0.00184341051238034 0.185674260562418 0.00136289428374798 0.10067355651463 0.00096589364764663 0.445046647545727 -0.0182626351554318 0.381231375757818 0.00534124170292328 0.332076740416909 0.000470996669981577 0.230449981783372 1.01746899738093 0.184960360849111 -0.0802630196441403 0.0993089207683185 -0.00211170751943718
5 2 0.471016513212762 -0.354881276328096 0.311465544250243 0.000550331984288542 0.204170694227251 -0.0064263451821836 0.127304258375926 0.00126093896340071 0.486440689658547 0.0725340887279452 0.430435901725321 -0.0158625786917549 0.357859979490017 -0.0164999356540342 0.310796968035221 0.991049081592884 0.201296762664771 -0.252081289925215 0.122936859300435 -0.0268804524247708
5 3 0.479605858322798 -0.29551989425845 0.415684561073082 0.00648758312129884 0.188068384822887 0.00595303554530359 0.124255581128416 0.00358143037189107 0.471371736989542 -0.0379142691414137 0.454328972835928 0.00511624976881554 0.376057277704631 0.000422155935035075 0.414897792128317 1.01089896929408 0.186450214865952 -0.0363546924322728 0.121754863810194 0.0192185838306579
5 4 0.531734627480468 -0.624953001788792 0.00760960277535887 -0.000734737787664942 0.0180759774580501 0.00390676396197305 0.0163168287488637 5.02255062198739e-05 0.0311099815182064 -0.014659523338615 0.0402379281591003 -0.0038136566713012 0.0309354380003696 -0.00149019166839143 0.00703599785068387 0.950404450300463 0.0116326136954717 0.18870149596746 0.0138186234502949 0.13399616178236
5 5 0.526482578726867 -0.616783629851426 0.0116231932223628 0.00110610309200056 0.024037118240809 0.00546052656737313 0.026525710060173 0.0022170601013607 0.0797274011075646 -0.00408560830733779 0.0527357318714246 0.0108703091971512 0.0469945603352777 -0.00720602300384502 0.00942574004018893 1.00799022220961 0.017535927047142 -0.0150358415774723 0.0193816562906353 0.131867305628776
5 6 0.544391929156741 -0.629700648871992 0.0124865593790527 0.000251908190568357 0.00697879090865075 -0.00055277206235065 0.00867955199228754 0.000188573416171281 0.0195515587886843 0.00606795966670566 0.019290855822536 -0.00232856283629936 0.0212776860063386 0.0324701849713694 0.00593672818679426 -0.00595630089242109 0.00572390626202134 0.963646726017535 0.00701954233007637 0.251775745483179
6 1 0.462995436937977 -0.33608896964098 0.229975084719683 0.00302664554232312 0.200615970686676 0.00168149383759833 0.0921667689559645 6.03780869590615e-05 0.48410806808272 0.00596860591855964 0.513604389795093 0.00393356370642599 0.300875593158522 0.00125558910363604 0.229696723480138 1.00843709804683 0.199902269141489 -0.193170366075141 0.0908701410740415 0.0269314060780444
6 2 0.464916100757488 -0.329226755714927 0.31003232073523 0.000492168003085076 0.204897345913136 -0.00367044339953338 0.11928702862402 -0.0035903933598746 0.592129352309138 -0.045621524720905 0.525777925989033 0.0141293176660618 0.397346952033257 -0.00566318352780117 0.309444930548065 0.974718721227839 0.202989587985425 -0.323434611598566 0.116590341685965 -0.0270942549388259
6 3 0.478007541818861 -0.197717923120407 0.450980540849663 0.00338749414366664 0.234090249902881 0.000566264331201273 0.125278349547586 0.00133114531835984 0.699822020080527 -0.0645814981066157 0.622669658281746 0.0228188592036053 0.440837872141772 0.00371091155997336 0.450162374033069 0.988067478642375 0.233010648771825 -0.193645750327468 0.123796777845772 -0.00716510557647981
6 4 0.528560255624084 -0.623359624590683 0.00786305550790667 -0.000102075853771463 0.0147709320784024 0.001440077810433 0.0163703558210735 -0.000469686263416767 0.038823424022311 -0.00949187136658899 0.0447805245263672 -0.00662764870886227 0.0313986152203685 -0.000151049798190237 0.00737927303276637 0.988202455182072 0.0122203073669606 0.0869842612215621 0.0138482892365127 0.0618204686183972
6 5 0.524918864445532 -0.627199473708842 0.00734541220500848 0.000623458687676796 0.0151448681070083 -0.000395487045950051 0.0163891893324104 -0.00113988387610671 0.0473628974468419 -0.000223353544814364 0.0460386202366227 0.00723674620388243 0.0274762152480981 -0.00400000049416815 0.00658024402761023 0.996957868204756 0.0130753228971912 -0.210673989475705 0.0135913004002548 0.00692965760061125
6 6 0.533051183737078 -0.617370768055779 0.0228461115012518 -0.0057363983570821 0.0146064748680222 0.00369662863555981 0.0164748407146287 -0.00800513494048717 0.0405558583990869 0.0204891706483248 0.0451595286368331 -0.0143794767720428 0.0316598276058993 0.0409859008704766 0.0111399024286477 -0.00724038217358181 0.0107560994396621 0.969564139285742 0.0128977635733617 0.157975267252466
7 1 0.458658161670587 -0.305402520857604 0.219999100901014 0.00129996928624069 0.159364722852434 0.00044664243198541 0.211570520952721 0.00078634741923638 0.434217264029174 0.0340290150486418 0.590618426863777 0.000379851382243339 0.294641921199683 -0.00747509604550796 0.219748472171841 0.988815841699142 0.15888473332657 -0.139306096472104 0.211001516110012 -0.1615425632308
7 2 0.478967138009984 -0.425795525584097 0.230516288624625 -0.00411624506865696 0.116845502183625 -0.00452026737610809 0.156666954245522 -0.010409266386864 0.55566034566766 -0.109390465902555 0.328889310039106 0.0347458517523323 0.317415475316865 0.0256852028195911 0.229819918067394 0.903525363964347 0.113980154191064 -0.225408517820604 0.15504271643649 -0.409456179746442
7 3 0.473530402086289 -0.31572264004353 0.347791404948708 0.0032545653296931 0.148958247294569 0.00141749732908869 0.171418041958973 0.00505545777213784 0.517439847353067 -0.0755389708941128 0.543517834239299 0.0152437932625824 0.292202582188495 0.015686708034778 0.347286392651696 0.989405121961839 0.147770212468632 -0.109378513277214 0.170096885820054 -0.151515052882279
7 4 0.536419278331034 -0.626759735498091 0.0102987086563943 0.0015314354382101 0.0172014008886504 0.00144860640627232 0.0288266126158852 -0.00441690132725772 0.0523180941739456 -0.0220704460092314 0.0447848945546609 0.0185928095364715 0.0326866536068822 -0.0262653000132168 0.00514729381316917 1.01467954596302 0.0111180581628882 0.0253507538554714 0.0149817367242344 0.053340611878589
7 5 0.528953245701607 -0.63162134585134 0.00814161540249061 0.0011157469273345 0.0148189709250821 0.0014493641838554 0.0179408593307742 0.00293497439221048 0.0493776084932712 -0.00113520950224523 0.0405572420590622 -0.00107180492096441 0.0256127176011651 -0.000340868381923249 0.00730568130810338 1.00698588935342 0.0115680303191015 -0.0972084302318396 0.0131543191084592 -0.0529551871929577
7 6 0.542283798100629 -0.626220374309485 0.0220454898596224 -0.0054317544751037 0.0143300991701915 -0.00160794853043268 0.0114821586452753 0.00236596446402628 0.0364207427602946 0.025711099486505 0.044059491488985 -0.0262093878140216 0.0238385581945355 0.0307446699329976 0.0120687595544646 -0.0252405448350897 0.00941962925073376 0.406171781085426 0.00833340420418357 0.881805981577015
8 1 0.46042789591661 -0.298402860373074 0.269916346236376 0.00150152900903522 0.237612262257734 0.00104841388360323 0.157310138937421 0.00156544560373001 0.699033181307916 0.057797902066082 0.605240584484052 -0.00491875220217466 0.449860928634245 -0.0120444504604645 0.269536460827684 0.975697484079414 0.236248073603485 -0.196194157628946 0.156496072031789 -0.185553461942147
8 2 0.464582765249912 -0.292029131324599 0.270531569571221 -0.00172579493073169 0.232143435967737 -0.00397914754585796 0.204656866238561 -0.000647160114259598 0.552547101974589 0.229809370005282 0.71646959048271 -0.0526251179682541 0.649821108899145 -0.064695572447388 0.269421193506077 0.935120102955899 0.229895073125096 -0.274799500468457 0.19958833977938 -0.193687837418935
8 3 0.458724749672543 -0.19235927660664 0.334164265482115 0.00379857425016327 0.231299115431461 -0.000271967192279577 0.206910181504211 0.00183651568410037 0.647462942320581 -0.0906795810057564 0.786140217054997 0.0169639575132782 0.423655864256109 0.0154976370122057 0.333657367516071 0.97830030056418 0.229791711753894 -0.168289210414953 0.205269417482497 -0.141945411365313
8 4 0.537875923565333 -0.635634639796221 0.00823304886680775 -0.0019982462729142 0.0141474262956863 0.00552890003183764 0.0138965304101978 0.00136855939717106 0.0151754483469801 -0.0275792448994771 0.0238278258615701 -0.00929910372977273 0.0217426277584681 -0.00629935079276769 0.00476406787683931 0.915240705446972 0.00520287859212005 0.261308782556494 0.00745615611604289 0.253162932170768
8 5 0.537725697835807 -0.637369079524455 0.00505248957993052 0.000457380137290475 0.0122431129729479 0.00130590855533207 0.0163221311615218 0.000845231725063764 0.0252190590850765 0.00603647616080734 0.0254198340990917 0.0209515485385258 0.0147242754852682 -0.00983012978676766 0.00422151668503326 1.00558460064614 0.00710642690218759 -0.0704642020940729 0.00830723836905492 -0.100199669371673
8 6 0.54552114969283 -0.625003037660362 0.0199246533838069 -0.00318301419126076 0.0128560961483287 -0.00202897804355416 0.0151664628665575 0.00210465970769109 0.031999482261736 0.0340478920469313 0.0387257895853346 -0.00632921878866551 0.0178854000827814 0.0229114725074498 0.0114199106383991 0.0450061366863097 0.00733708050701592 0.600455320420238 0.00951830182991048 0.698491681754065
9 1 0.467267674726799 -0.370153875751717 0.248879600089854 0.00211887100365719 0.138107501057833 0.000575632919205027 0.17243890494802 0.000513067452220788 0.457859703054282 -0.0508533948232793 0.409990209807544 0.00845537552277762 0.357747555082312 0.0138826410975671 0.248637590816133 1.00317861659547 0.137630836109565 -0.0126635849574273 0.1718414188799 -0.117945239342794
9 2 0.480856175330876 -0.425459895228338 0.20888705793655 -0.00147645048546892 0.120937528896652 -0.000296976586623013 0.137286091796526 -0.00447896852659551 0.572969047373923 -0.135033637869875 0.460663684104356 0.0183909456349555 0.419486313343282 0.0293211264967285 0.208381255281051 0.965042613227143 0.115646948818212 -0.019876855787171 0.134723679749271 -0.26936840168481
9 3 0.475828264325837 -0.311736887825803 0.395653057615121 0.00681887118599798 0.136977676033439 -0.000635477764764777 0.181475415978046 0.0070707405612547 0.527292948206528 -0.0613696641715444 0.5066665380224 0.0053072511410928 0.350967981113231 0.0161025693353886 0.394993234600831 0.998437606728172 0.135117656288824 -0.0176475315622867 0.178523540136741 -0.0786617924185967
9 4 0.524475751851574 -0.625480989888988 0.015315395849173 -0.00586220970032517 0.023063133408559 -0.0049625142486121 0.0332382062471854 0.0110511736796778 0.0373845303278959 -0.0147064198804686 0.0638739105953295 0.015239646086015 0.0360006920036133 -0.0021542467381599 0.0132631170461758 0.970242230318187 0.0185187432250454 -0.0281349603853779 0.0253085849336675 0.0886486907183044
9 5 0.526030674232032 -0.631650029047065 0.00930032160819328 0.00104017894607051 0.0122164070554983 -0.00141841568473998 0.0175395286203155 0.00440788232784207 0.0696300479663095 -0.00100371123264084 0.0433133382687995 0.00639677922899707 0.0312977150966811 0.00591134588083698 0.00899144289606927 1.00873526269256 0.0109850914904978 0.00619735974438801 0.012829019259011 0.00780972583921714
9 6 0.530063039309266 -0.626352700139186 0.0201547253092997 -0.00360220985421141 0.0160332538453771 -0.00163933245679119 0.0136889525517444 0.000354545981660965 0.0519910557214932 0.0147738301728665 0.0581858861232362 -0.0374328809830989 0.0207878737752202 0.00672315825131923 0.0144532524187876 -0.0777188121370078 0.0141117347857671 -0.101820039766002 0.0117016574926478 0.928885764833276
10 1 0.459226854544395 -0.32568764155288 0.268258044354336 0.00228365797552725 0.168678137647544 0.00136785219387302 0.111711296653106 0.000620185568734038 0.511813233886342 0.0432278780885441 0.575495628044352 0.00104987766023851 0.401886467874531 0.00853321091217641 0.267994336413255 1.01122020303202 0.168328831964327 -0.063792214084758 0.110000860448035 0.0486855948776607
10 2 0.463053071179259 -0.344213622293371 0.273819666354605 -1.50161085161736e-05 0.171614751139922 0.00276296168697943 0.169577546890159 -0.00192154260981404 0.603832149257101 0.108059658782971 0.799046330500612 -0.00326775011324282 0.331200962987762 0.00328487002603081 0.27296594463006 0.987001151442786 0.170247536095494 -0.0353897445817733 0.163228962460019 0.0147340020976221
10 3 0.463337371199746 -0.261869369727711 0.42240596564843 0.00589713164811105 0.173260189933502 -0.000148977785868402 0.14985247474954 0.000328772758503166 0.607131923221983 -0.0947274312649867 0.529140358140117 -0.0104145424950787 0.469297926396867 -0.00246169919614832 0.421895468731918 0.998492185681724 0.171883566749712 -0.0462783436841924 0.146728264697168 0.0356521498995089
10 4 0.542251226544214 -0.637974761451321 0.00697383196155808 -0.0013699006560218 0.0157451061313084 0.00121263721590836 0.00881182840784417 0.00139725882132607 0.0113882671742092 -0.0158436352296934 0.0139736256138561 0.00294862157565389 0.0213444160378415 -0.00498891059764119 0.00379000391963848 0.887404410007416 0.00545951649432133 -0.0218407525752665 0.00597915266009502 0.193386465371324
10 5 0.526755493498941 -0.628826680892612 0.00843535650100979 -0.000123851503024061 0.0154747996462617 0.000950745951880817 0.0135874966605671 0.000217940050140126 0.0627467946581554 -3.60656510787813e-05 0.0335036022169274 -0.00571770615380465 0.0246199538752239 0.00762088462918426 0.00816837106652203 1.00243860051567 0.014568263600803 -0.0239118496672947 0.0112303615925061 0.0285523179065726
10 6 0.538143814511992 -0.631521349566716 0.0117233056356992 0.000633742316559283 0.0108807671365159 -0.00364014244160597 0.0103144551281938 -0.00282449984510729 0.0350393144679664 0.00858017515093131 0.0374850230689371 -0.000915939996323395 0.0157787272868256 0.00819743670879213 0.00719046016148956 0.0157743547633743 0.0093895463355071 -0.123779649921484 0.00849149221359633 -0.0386671459705442
11 1 0.4778994116884 -0.429748599977013 0.188938778424141 0.000288071315407214 0.163643971323513 0.00152387372043848 0.0874366773189193 0.00140263441207676 0.353203059337285 -0.0126307382936277 0.385056466445391 0.00470025888645882 0.276162633742064 0.00128077051877306 0.188605446228955 0.997558738907832 0.163204744944127 -0.190700723215493 0.0851817630939525 0.126619701987787
11 2 0.494681275282595 -0.433620340133675 0.248733591016066 -0.000893682555172615 0.154939267115322 -0.0056571760101066 0.146289572487407 0.00162911312376112 0.435943108453139 -0.0523075090307394 0.551618224875655 0.0121816416816516 0.150038216650645 -0.00873000946467056 0.24736204490188 0.95858619281147 0.153508298164424 -0.328236356962607 0.140175341954499 0.13908362251075
11 3 0.477173185821431 -0.347247892005097 0.3726058506217 0.00575728948546313 0.184660193556413 0.00108193309421891 0.124590885600047 6.03265812062926e-05 0.546764360671869 -0.095429848536755 0.387899265286602 0.0245383908190738 0.331951344997249 -0.0100781801564487 0.371918217607381 0.999711609860118 0.182762423835002 -0.179535592669799 0.122600310219417 0.123639772079878
11 4 0.53609946156127 -0.63399587725037 0.00700803232437759 -0.000147206022940411 0.0151604261034037 0.0012721823376265 0.00871414079405582 -0.00141813586736449 0.0120049611254391 -0.0125183518313201 0.0155997864355462 -0.000411757362896308 0.0250251254253328 -0.00426736011901761 0.00621784475620602 0.944837786773743 0.0079676791735453 0.23092431851135 0.00651524435695522 0.176921687813503
11 5 0.536202658765753 -0.646266679442262 0.00304996405980735 5.22296200973356e-05 0.00785382911638265 2.91693243216203e-05 0.00547482155906652 -8.17851483171158e-05 0.018903861700075 -0.00153101271342462 0.00644310703591127 -0.000938822359998445 0.0115681015401641 -0.00222643822543663 0.00274735105455408 1.00433767669463 0.0062382252228461 -0.153592163330781 0.00502729279407008 0.118465140648412
11 6 0.539562164233576 -0.641447844192305 0.00636447575712924 0.000666304952221184 0.00648316922268289 -0.000221234413407735 0.00818524108180264 -9.35347176297361e-05 0.018386263563087 0.00884154546044313 0.0154515785670656 0.0148047532873867 0.0216100130161106 0.0290142284001408 0.00458190533119991 0.239145083520179 0.00595546763539767 0.952218384558033 0.0072933910625261 0.104234615995861
12 1 0.465934707083466 -0.354098420816317 0.284441839821761 0.00211355065063381 0.151588305727746 0.00199596599503369 0.10902075742299 0.00253205104137821 0.396816118813245 -0.0755571757191221 0.423503708202954 0.0211625393936012 0.316839166635546 0.008446740230074 0.284133132184705 1.01370324220298 0.150803073294863 -0.134673616713401 0.107861546930052 -0.0381445755059004
12 2 0.4801841508273 -0.42018663657112 0.232051059135554 0.000857113739825403 0.154828097713999 -0.00359795641427729 0.104328564691607 0.00112600883568181 0.413887582465301 -0.0637685710776393 0.367201157923315 0.0177234762484008 0.317108225852408 0.00398185712788092 0.23147297891799 0.992443991816299 0.152829978210679 -0.242508950552124 0.102022886880095 -0.0728750860200291
12 3 0.479102128871457 -0.310083688001952 0.340099960560642 0.00344318794377647 0.191497324556069 0.00099207461198503 0.106429063490695 0.000415866970932252 0.557149576833188 -0.0825194183081991 0.402921754829831 0.0172825967290904 0.322825607108299 0.00391253340845665 0.339440824919615 1.00309266396129 0.1903905469536 -0.158194192805119 0.10498072567709 -0.059785389218125
12 4 0.52622870168125 -0.63423319110327 0.00708203878363165 -0.000470323784538499 0.013934018347827 0.000810023203957255 0.0138769536325068 0.000763267268507348 0.0239694751813836 -0.0148994867386517 0.0322512449421903 -0.000134655503785422 0.0256506032037045 -0.00572391299672459 0.00621194415171767 0.982593538448357 0.010270973420328 0.101000483573056 0.0112271241540894 0.0816205106759682
12 5 0.530219182625889 -0.625623687791274 0.00751246647910759 2.34884450830554e-05 0.0148635007756922 0.000239035312278717 0.0172897359936857 0.00104546623176933 0.103012771972852 -0.00158398430560298 0.0468174399690749 0.00230319885255198 0.0262257226875677 -0.00509997523324036 0.00666198524884001 1.00490347664254 0.013542023355331 -0.198750490863556 0.0127172870899272 -0.0430256261748449
12 6 0.528718342661708 -0.628067187684298 0.0159356714558689 -0.00344722145926019 0.0104335847005149 -0.000118053737448024 0.012317415408358 0.000143835763599674 0.0312273171752553 0.0135663438323224 0.0373214419099696 -0.00383865168217724 0.0263261054278771 0.026052573784712 0.0109427980744745 0.0639530190307658 0.00810931729195945 0.813925684203814 0.00997317905362646 0.262840461897186
13 1 0.460854393995368 -0.315604765252722 0.213586445936151 0.00130959431148111 0.196798404046767 0.000782417197356962 0.143208220699336 8.62178676624734e-05 0.545030676272071 0.0147186332406599 0.54551016143661 0.00176127769929917 0.31044790489081 -0.0010681557676219 0.213289498281179 0.973590022358497 0.195825848154457 -0.262414304414007 0.142251295407354 -0.133434027240008
13 2 0.481399962634359 -0.409993137856766 0.230057649175149 -0.00217781966052245 0.190410067166888 -0.00404124747169854 0.143800419196161 -0.00460817902966951 0.401341517000617 -0.11009107969798 0.458586756532074 0.0385697168023698 0.383835416910699 0.0163025306828877 0.229079832836813 0.925733000268643 0.188464410320158 -0.340327506643917 0.141151808042143 -0.212451920642295
13 3 0.463191730560919 -0.315846063917246 0.304177138465913 0.00590202138276397 0.167075398751593 0.00273459465321077 0.154388756822802 0.00326631391140222 0.509367406135839 -0.0932672831035157 0.615306460431179 0.0274467383589651 0.330104372724331 0.0135166052329612 0.30362564601655 0.999948066182216 0.165049460233037 -0.189015963387869 0.151960786159072 -0.0949492350285277
13 4 0.543066636603673 -0.636077269367909 0.00481503224132374 -0.000626685431305037 0.0121596947643521 0.00595492254476906 0.0140605083978249 0.00373460914830302 0.0140257988178764 -0.00791191543971398 0.0175752670723336 -0.00700000366866107 0.0182211143802775 -0.00161081659226806 0.00290288835325291 0.98197124566197 0.00545197518876486 0.124672108949098 0.00621060808498242 0.0720831631699358
13 5 0.535187318003595 -0.637207918000213 0.00433596809476904 7.09644435877649e-05 0.0103737207927797 0.000262028982887317 0.00886379212460399 -0.00118225924066751 0.0403824192198814 -0.00160506614631916 0.0236586010961221 -0.000256137331313347 0.0150543661358185 -0.000261655788798904 0.00373742271121098 0.99469184093493 0.008261790321929 -0.21962165559386 0.0075207740900502 -0.0578533972850356
13 6 0.553755547011914 -0.622241685125317 0.011525666259784 -8.63875431611766e-05 0.0101131182239813 -0.0016402755160314 0.0119471038493977 0.00139579147705385 0.0259565555718717 0.0185589337590345 0.0305613712609274 -0.00974693260245368 0.018001240353527 0.0139672717117923 0.00653069232991513 0.222915277911285 0.00697885681238592 0.66674251969522 0.00809803486782595 0.579860991268043
14 1 0.460095719296736 -0.38399720253805 0.195502781494002 0.000367113807046918 0.163404707458377 -0.00114837025462564 0.192193593229452 0.00199834799011926 0.349683871511596 0.0274741821665516 0.756168407808819 0.00199608558033377 0.425338185587198 -0.0120779974165228 0.195133949310079 0.896943158758283 0.160701936152004 -0.251134878520141 0.189349261648786 -0.415483205971978
14 2 0.511997359659549 -0.284067348684123 0.225797484826375 -0.00134851338391555 0.22504149368181 2.66875866175309e-05 0.292386849907574 0.000964607504358166 0.476913123325202 0.115302998015843 1.1323112796775 -0.0132458424185781 0.759903395049659 -0.0514068097784939 0.225223590026241 0.814725028728311 0.22005946621719 -0.301871590888928 0.286679194420953 -0.487325489533487
14 3 0.474784640200934 -0.202171678109523 0.332114777973171 0.00581484599112019 0.237285709536301 0.000342625669364949 0.264072991797039 0.00711934413181167 0.563760250538785 0.0176399758657787 0.811155091914513 -0.00275672250432506 0.65886213309628 -0.0172889319716223 0.331053568101926 0.911734295497776 0.235341337764582 -0.243632414466597 0.261477901042148 -0.381166184549682
14 4 0.5280379685885 -0.637852535675807 0.00911805287849417 0.000564471093355108 0.0162650822464152 0.00451475392031444 0.0169138702477403 0.00272259027212948 0.0183922739247976 -0.0166050713967433 0.0310638790027618 0.00158101140462112 0.0249960392206824 0.00305689570851749 0.00687974444480926 0.992606735572785 0.0113284789043586 -0.0137330725262367 0.0120750326955862 -0.0950387403936748
14 5 0.530378924305392 -0.631699673024663 0.0101035941969312 0.000685606758424557 0.0139435018944933 0.00111272903663081 0.017003523284755 0.00160352040482699 0.0355804669683487 0.00599250575823268 0.0431342223703063 0.00863503547825974 0.0280538750302494 -0.00298189298670375 0.00802968978019691 0.948015496316126 0.0110340956019608 -0.205645518729184 0.0124593040908385 -0.333669858074231
14 6 0.529959358732366 -0.626294586556399 0.0282224510152907 -0.00883989422255724 0.0171600019022192 0.00314937157040586 0.0209499359964152 0.00720124433705751 0.0389511420208158 0.0337933422808058 0.0536836892622174 -0.0350131737940685 0.0252901504176059 0.0277714095292336 0.0124752909394694 0.222056088306416 0.0114589251262772 0.502047781894124 0.0106612712903254 0.81737781283414
15 1 0.470930092491822 -0.388993441951542 0.219765638313079 0.000951815731967593 0.196293812576725 0.00155141630553304 0.0895396326095178 0.000918903229933385 0.585466890014413 -0.0239245556578843 0.445348795843613 0.00931951910153533 0.25081267091808 0.00102894384609766 0.219400538097489 1.00177013938519 0.195894087017802 -0.212348371604111 0.0883895616315542 0.0692787206258174
15 2 0.481360338460772 -0.39216382746735 0.317842280012847 0.000953137253248493 0.171868863040062 -0.00471227374086515 0.114575665102507 -0.0019454151419825 0.510902508118404 0.124725326391099 0.514728959640143 -0.0320204408992011 0.25525118045483 0.00410218177084009 0.316991131073141 0.978624939485063 0.170144920637889 -0.298935438613111 0.111304871436676 0.0717070925328425
15 3 0.478913470640684 -0.278876543776854 0.458384884357869 0.00408974869761729 0.204428632228232 0.00757385259664188 0.132152088741757 0.000297279562359504 0.594986640709141 -0.106875725626138 0.481830922710202 0.0215042747287133 0.36502769648812 -0.0038266525545956 0.457698356041604 0.991416801892534 0.202841727808615 -0.140477469237884 0.130648800053932 0.0717225965688123
15 4 0.537109906202275 -0.639399053418692 0.00561491628221451 -0.000911897722563624 0.0149887345119125 0.0029366530883115 0.0121368263793874 -0.00166072185712299 0.0119708223743832 -0.0101778190797313 0.0209029215387847 -0.00252748212423948 0.0197369526178166 0.00404615230249221 0.00405854682787117 0.956979309205472 0.00692601803288791 0.229740856219411 0.00797947772903007 -0.00442899696102578
15 5 0.53194178615701 -0.637951719721761 0.00500900804822589 0.000312845125169222 0.0133670498715695 -0.000527932257824896 0.0117174046131773 0.000876457181024484 0.0471630451290068 0.0018305615135933 0.0239565182521207 0.00393794839509732 0.0176058757892214 -0.00431576926018369 0.00422343982321772 1.01095528514124 0.0100949990294196 -0.145867925799538 0.00816956888374707 0.0583568784743072
15 6 0.531265854159869 -0.637799252427518 0.0104328352864281 0.00251420195551714 0.0080953669927971 0.000327402129530296 0.0156888207491198 -0.00322914217034414 0.0389975879409544 0.0114003669319426 0.0317568854049051 0.00578755327742534 0.0232371057892668 0.0120897377312387 0.00779168594103582 0.214909332595581 0.00715308173772431 0.909382521994522 0.0128592098089999 -0.0447329347183583
16 1 0.477181248917123 -0.429746181942572 0.194835617012663 0.00119295478418693 0.118825464286008 -0.000791422682019089 0.154125001156551 0.00103205422930903 0.302848678252841 0.0151423392116256 0.298577277083848 0.0044397596039444 0.309421606160429 0.000436576466399435 0.194563896541183 0.984087674498191 0.117919786830547 -0.0491058226443384 0.15368082241398 -0.216393569586391
16 2 0.485215967490382 -0.438499899423319 0.197307701508015 -0.00288520685982539 0.14459292002495 0.00256389779671568 0.159612899226391 -0.00393075333029088 0.430060334760097 0.105173643963211 0.318642044650071 0.0139950569450454 0.309646449891285 -0.0389357960075003 0.196730946346913 0.910460788761771 0.142044744772808 -0.0594072388351614 0.156753587846326 -0.379058113989153
16 3 0.480317131361736 -0.337622299241617 0.393658066851541 0.00673456681566591 0.147452422819332 0.000491596413842754 0.184919418143526 -0.00235763803665748 0.476995732705508 0.00895516851191801 0.363083053933625 0.00553598283372594 0.271098819977347 0.000874184345428882 0.393031449609136 0.983898384468354 0.146337153904525 -0.0395581453694022 0.183024416032402 -0.227625884135523
16 4 0.540660946111618 -0.640149192304434 0.00569898507112585 0.000697054175171743 0.0100003837838931 0.0036625480084826 0.013875090858322 0.00639018923376522 0.0182116766856702 -0.0137012431905758 0.0339051673163504 0.00782803875326864 0.0214209826658842 -0.0028022945582371 0.00353951941669634 0.995138869940428 0.00708283589901158 -0.0642531262545746 0.0101412526816841 0.0879256510696142
16 5 0.536027968915291 -0.644434205825036 0.00496756218444805 0.0012493839439863 0.00851580549264806 0.00034611176079117 0.0113939314106479 0.00161247134339653 0.0248622650423796 -0.00211887034111041 0.0172370452377266 0.00267449258129424 0.0107351142323998 0.000259530199797494 0.00333165357960028 0.99508502170336 0.00635929343514806 -0.0391205104576882 0.0079158393590744 -0.166482897547207
16 6 0.540805566032016 -0.633812324468356 0.00996631497940011 -0.000607474628545293 0.0114604185047251 0.000363534089833085 0.0092320544104409 0.000398410469667006 0.0217180733679052 0.0119577415909175 0.0244043998370704 -0.0174329518090382 0.00956118491201108 0.00459229339813586 0.00665649976385514 0.187368814245124 0.00712207514984568 -0.00150206606196133 0.00621640610822479 0.8665259838458
17 1 0.471340331643968 -0.385512096526404 0.222514844832932 0.00065467389508309 0.169560196636379 0.000612136216309454 0.135057838563719 0.000560376574193269 0.454681248789743 0.0224078166548827 0.419269245893103 -0.0010675851181625 0.299468945994208 -0.00234219859726437 0.222130715108552 0.98504393314546 0.168527619541386 -0.159787732530367 0.133887029373017 -0.190459882635156
17 2 0.479425823691872 -0.399863994331658 0.305867803387387 -0.00273508117554997 0.170313161158747 -0.00166003411930622 0.14146067120299 -0.00315890417985651 0.440095901609323 0.000597189791545144 0.390094456551499 0.0117570932954412 0.37289386204226 -0.0103893747461356 0.305342936071811 0.929316827637508 0.168058609619284 -0.26535740760876 0.139683157742629 -0.299403236025929
17 3 0.482880088421838 -0.363685467377106 0.387311989917762 0.00634418824562134 0.16217874126374 0.00146653079187934 0.14130903165973 0.00734433020561975 0.549927273142656 0.101939787701831 0.415939942927432 -0.0188070079290593 0.259561983763958 -0.0287487632839835 0.386640889728288 0.991226090584345 0.16048837585277 -0.130347848340167 0.139262041062646 -0.155109210552649
17 4 0.54709797498025 -0.641588490279086 0.00322377873190125 -1.97391829421415e-05 0.00824924923753567 0.0016158579662848 0.00918908768129792 -0.00167138952884665 0.0107218999830723 -0.0151385334177986 0.012629855155778 0.00341969373261383 0.0120191031748969 -5.06155129734246e-05 0.00269118314240988 0.996137345036472 0.00458761467873758 0.0167137925618022 0.00667971410375199 -0.139595708477391
17 5 0.541386142783106 -0.642564641124571 0.00428945504937909 0.000108243469640883 0.00716994089453389 -8.69444694671394e-05 0.00833783238750225 -0.000959515464490859 0.0179193370465472 0.000872846183895079 0.0134011262460429 -0.0011163663580434 0.00919470534247739 0.000828120747330912 0.00311577467618902 0.968047178207587 0.00520478846282727 -0.237355218505257 0.00619903420805007 -0.204099862806775
17 6 0.544111902566298 -0.627787473463417 0.0102037737069237 -0.00151498641014373 0.0111645882370101 0.000238493562953348 0.0113925395998491 0.000514873487816059 0.0226913814830362 0.00447320468855504 0.0238403497966207 -0.00882820808732852 0.0137159562664913 0.0111326013900064 0.00702389191563305 0.191830998937221 0.00895144904963471 0.670998030099631 0.00960386438923016 0.699687428930193
18 1 0.474007929974224 -0.434686301483526 0.20415610240115 0.000828469810025524 0.133783984390332 0.000691400205381866 0.105830089776879 0.00216078509834928 0.259074978741053 -0.0105431939106452 0.38750133538082 0.00881287192560159 0.238763601143275 0.00542521694902442 0.203884893323169 0.982238278270501 0.133222658358493 -0.233424796732908 0.10482990836454 -0.0627431327535141
18 2 0.490071688258084 -0.468971947556928 0.202803609230735 -0.000917372881860115 0.136491764580266 -0.00157950434552721 0.126326950359316 -0.000445989365922973 0.355384803203149 -0.0170915017413095 0.379183636046563 0.0126725303549453 0.276286584258869 0.00404808235405165 0.201793545593241 0.952042101422669 0.134028484907028 -0.297452399361854 0.121828490364024 -0.109433515544726
18 3 0.484648090481038 -0.437020907445602 0.227994526860786 0.00398884498071363 0.129136018928661 0.00114233625825573 0.10758133030559 0.00244560077867899 0.434949164761651 -0.0273084321738195 0.295027459247455 0.00708861725986047 0.25220444881105 0.00740695970941899 0.227332079246353 0.991298731410648 0.126854088678679 -0.20473589223846 0.104580111006433 -0.0511941201419515
18 4 0.534395879168263 -0.64813234870805 0.00325494241837402 -3.7287734056777e-05 0.00601658904790216 0.00226844168767415 0.00705918454635992 -0.00112434593519019 0.00870281632281216 -0.00569485982047264 0.012151664911285 0.00267453872174368 0.0111377313912118 -0.000580630690111645 0.00300262581626519 0.971514216329597 0.0050365081942243 0.148893619040633 0.00553146282486876 0.151229919219505
18 5 0.53099975134502 -0.643425010269281 0.00401138919645479 0.000211663266516045 0.00955356756299916 0.00033574073916718 0.00988241088712863 2.88449368518625e-05 0.0345681640863327 0.00138092507417525 0.0170021416125431 0.000630590339080986 0.0153527261738194 -0.000765333135130635 0.00369342739903876 0.9982577090581 0.0082630550585547 -0.184126484164885 0.00806704299062948 -0.0528343106649341
18 6 0.539909038662556 -0.642931405022691 0.0064455973353124 -0.00053980203331109 0.00409769407350077 -0.000101268468108795 0.00524535869008304 0.00024018491839988 0.00790547164222677 0.00261833745588441 0.0141040940132763 -0.00411046778016423 0.00940289957857418 0.00334260705629497 0.00505398125285812 0.177755720355568 0.00361877975196226 0.731086197433975 0.00471715418957332 0.585176901755793
19 1 0.441222720223505 -0.237043755445961 0.310431976578504 0.00166119136411482 0.203620469952474 0.000517156261289303 0.157779619340497 -0.00350644652691625 0.849486043697414 0.00676709965820893 0.679948293894196 0.00490466730604326 0.435936237788276 0.000515112345779722 0.310106856378112 0.991040344087904 0.203101467004958 -0.202898627146998 0.156256577650679 -0.096606246279956
19 2 0.457959800536126 -0.315442504584877 0.2844926672915 -0.00504498343488566 0.202689166284992 -0.00533015499275588 0.148609623375056 -0.0128595753560577 0.518261944318132 0.0720998220323886 0.635374452168848 -0.0220326084836911 0.433072597121913 -0.0346591246909038 0.283777756582193 0.910092222085908 0.201118660523313 -0.371042361092994 0.144467022029874 -0.233880387319768
19 3 0.493267285356331 -0.0772893630893676 0.53000840004151 0.0010643058286263 0.260509329720509 0.00334343143453665 0.191732914955388 -0.00683523918346648 1.10558448104335 -0.173689453880682 0.804513897483923 0.0518468620022009 0.471183307745851 0.037744388644939 0.52954002641709 0.95305299284569 0.258614737199751 -0.191837861818964 0.189944348139865 -0.135337352691999
19 4 0.53209411177613 -0.636902892903847 0.00910004842087009 -0.000695338248274236 0.0102086130539406 0.000286739855190322 0.0116707627573004 -4.06456943104675e-05 0.015087275438059 0.00652289798400919 0.0328168223426621 0.0102529942957617 0.0188512692402822 0.00478597292116925 0.00623313964392188 0.740356323064034 0.00723248528190118 0.375278723439055 0.00900066457345846 0.471407569090354
19 5 0.531159784474125 -0.638052539776798 0.00469653305443537 0.00015838049325354 0.011226531838845 0.000978942479652085 0.011550265010721 -0.000151140383562277 0.0486269505339596 0.0030216136975556 0.0253009654435246 0.00521205767111393 0.0212048230551228 -0.00654631509227081 0.00441864388266805 0.99572945099325 0.00995361350556295 -0.202997353241382 0.0100201949425834 0.121746922812022
19 6 0.546461684255782 -0.630900533874082 0.0127838225302615 -0.00090737331998415 0.00626910317258723 4.62389836631717e-05 0.00578232053528629 -0.000176041164914135 0.0179328099220738 -0.00347587260248037 0.0298623895013452 -0.00914206322054809 0.0151701250281354 0.00989869221167846 0.00982437484139114 -0.145028549247329 0.00524255811042416 0.737067641797251 0.00513530107423255 0.66484382567378
20 1 0.458475195837703 -0.258240548916197 0.258630182334024 0.000985244092268618 0.256230959035603 -0.000127684465661079 0.141728040728408 -0.000616223383865507 0.669660062516093 0.00955521549875676 0.833234082765819 0.00656416664196029 0.40613599280049 0.0026227545118901 0.258252229081616 0.96562285264982 0.255801859863427 -0.323558283001241 0.141213372526336 -0.0403575295776587
20 2 0.467024672485213 -0.336858993739812 0.288603796033434 -0.00297247114584205 0.198563013954072 -0.00423128424087586 0.141635382298137 -0.00307019920698131 0.443458558472386 0.0992176527072947 0.687361517567959 -0.0396105768284138 0.575541558125506 -0.00767278124830509 0.287839878447646 0.875440979395171 0.197200856007239 -0.461900594875153 0.138566658388377 -0.135454156158526
20 3 0.471620332044863 -0.245890679659674 0.35052978856815 0.00651426365374448 0.277954562193269 0.00605644979148443 0.153920211833355 0.00240750946977794 0.694043581254785 -0.0802672346677235 0.65515466962028 0.0446104749024828 0.563729138011025 0.0120850046159166 0.34966050976943 0.985015244037834 0.276648681350154 -0.250960161629689 0.152289551820634 -0.0306424351448874
20 4 0.527767117830281 -0.63779507441652 0.0069153385745395 0.000149647713316068 0.0126457116579525 0.00135502440651102 0.0157752213734035 0.000101967752835639 0.0223291642605852 -0.00876185678158344 0.0325518007488761 0.0044054506938682 0.0284496258555441 -0.0094605404790625 0.00568518028894445 0.981965528505881 0.00977570896524644 0.0919267114841623 0.0112489632407314 0.142488576262684
20 5 0.523601719784163 -0.617992804306717 0.0120721614670482 0.000196057512519202 0.02301717912655 -0.000306290661883068 0.0186461239594721 0.00273560234415137 0.100318562601678 0.00440174407444839 0.0755666358827561 0.00260557146511003 0.0470566492782445 -0.0035725669958433 0.0113185771363404 0.972736821294569 0.0203585234316384 -0.285595632000583 0.0166962569782819 0.0663403093774734
20 6 0.532311298923294 -0.642303650907549 0.0136839543658914 -0.00767816566601719 0.00786666713247691 0.0014649010289809 0.00795849884977067 0.001383733221086 0.0152160622771734 0.0047218380740132 0.0227245523605109 -0.00929916189899057 0.0155514941634298 0.016522015613132 0.00699013571764782 -0.00614096882211582 0.00506584017178622 0.876455352978988 0.0064881417208967 0.461575558725151
21 1 0.462261283553448 -0.329237834377618 0.229560468795806 0.0021082987794487 0.181803198150129 0.000876973221247275 0.152526440896031 0.00248966185367228 0.496114827154748 -0.0148379884489942 0.462934782578091 0.0104474085343412 0.335381408062419 0.00788680564186937 0.229249678126455 0.940473395104737 0.180889010627418 -0.348859078177083 0.152136501366683 -0.218442773062587
21 2 0.473554737531349 -0.38044472540554 0.248082055665304 -0.000608634613917912 0.191318316705668 -0.00194338602524717 0.143351301343927 -0.00449595407456959 0.40931573546898 0.0955650267825238 0.412988990373428 -0.033212833500074 0.51143180107023 -0.0363507060382153 0.247296446874065 0.880668754181607 0.188965303734106 -0.412463556464374 0.14154172985708 -0.312016251490964
21 3 0.475622056333089 -0.289937342164603 0.399211140553943 0.00797879305773082 0.224040578994834 0.00164234732930707 0.169952532391812 0.00464081251633274 0.48748012961028 -0.0972395556899634 0.496739123330402 0.0444182933829402 0.317038070545663 0.0298072779284487 0.39843802179546 0.953468752451472 0.222779687502812 -0.333913973837446 0.168622795299871 -0.184044619128525
21 4 0.534193252488579 -0.642626774796816 0.00409017018353994 2.43152016189598e-05 0.00739186621619132 0.00148186003875926 0.0102971235474806 -0.00114943266207389 0.0117910993939843 0.00807724664793385 0.0200922628679637 0.00420187752871381 0.0133422094234801 -0.00130196475378364 0.00353722746743273 0.992776183021863 0.00555955571175667 0.0407102317327405 0.00744854903105274 -0.0620163691928829
21 5 0.528022506329555 -0.636374640005692 0.00745529406007664 -6.97067957627889e-05 0.0113680893070606 0.000311751017820259 0.0127149335366102 -0.000593120779785793 0.034341513093215 0.00896645162137724 0.0357097999810199 0.000513277513387229 0.0218862051628784 0.000237085722247886 0.00672764168819581 0.951406453942187 0.00973902314233916 -0.324824383802834 0.0104049542268281 -0.208608312162165
21 6 0.543398484551232 -0.629018893883965 0.0160327568171448 -0.00115379491840947 0.00908617966459892 -0.000598417050504401 0.0127993886400812 0.00175575524214034 0.0231104178322017 -0.00272485919873125 0.0386433392279179 -0.0173787621532015 0.0112249181525344 0.00525058635289349 0.0102060271664488 0.209563281738586 0.00788554329679502 0.611898938216771 0.00854079075488941 0.764869837154861
22 1 0.460010818917144 -0.272894560415184 0.323507921504673 0.00277135605956268 0.189711966857051 0.00168755428040518 0.144494337555458 0.00151184970321049 0.595121316882836 0.0337298468324925 0.395240276464309 -0.00667939285049575 0.413064366663031 -0.000665244497607109 0.323138501957547 0.992763373658586 0.189031009566922 -0.237709453912103 0.143829474189607 0.0188211255211901
22 2 0.468928019106076 -0.303808095312265 0.353474702504997 -0.00322757183553159 0.215282328723973 -0.00339202305558751 0.163150403196561 -0.0017650082512522 0.609965246972274 0.171180689140815 0.392870386699777 -0.0449431500782815 0.410004935127337 -0.0278249330589391 0.352685997219573 0.954031100882839 0.214144656509402 -0.319279684774807 0.160880078712269 -0.100677380111607
22 3 0.477672679039378 -0.286303026731472 0.439588322920621 0.00481515939301084 0.213530423432414 0.000269958496547571 0.124285921118867 0.00125579011882584 0.665821047455731 -0.0462992145920314 0.346261650334949 0.00475570198364732 0.350613162863767 -0.0132068226753239 0.438933601644101 0.98478722811352 0.212740382112757 -0.202035114639888 0.12219524933426 0.0360286924177369
22 4 0.532022049722643 -0.631940800049868 0.00841477627413952 -0.000751054258856133 0.0140232097339293 0.00260232921509898 0.0178508177061661 0.000951360275521668 0.0181578599775042 -0.00842285684550617 0.0401541741908418 -0.0019387065135599 0.0280963473029101 -0.0023688977226978 0.00646111240948083 0.921307927815627 0.00973531434165783 0.227161038719453 0.0132012090342732 0.303130015502641
22 5 0.529999769322386 -0.633917375868076 0.00629195819226363 0.000351020827107962 0.0149398556521459 0.000782939165582034 0.0134202098120621 0.00119888747351445 0.0732470068203282 0.000726124208642879 0.0290226422993061 0.00261396796015877 0.021278299471353 -0.00553803397780814 0.00601009846904458 1.00295231202209 0.0134754431535307 -0.205693110844263 0.0112118047205175 0.0272765362647954
22 6 0.534082415245892 -0.630034007645681 0.0183995480329846 0.00063011139387936 0.0165485575947737 0.00162465556494911 0.0132863835868101 -0.0007142531148221 0.0394554347905489 0.00730942743777342 0.0311888331673685 -0.0079264577219502 0.0345117623409153 0.0260334800929873 0.0121608263615764 0.0400199169781259 0.0137639179243707 0.64630861285428 0.0100101000824263 0.746467260541121
23 1 0.464098141308726 -0.263998863206806 0.224457244210728 0.000847638028174084 0.152231087021401 0.000543206724881439 0.212395865640463 -1.71187703289332e-05 0.442046582139685 -0.0328417666770042 0.966147021179466 0.0121126313792257 0.384886236950709 0.0123674179525011 0.224078378427435 0.993445297638578 0.151450956332936 -0.141852238813538 0.211764731737959 -0.162265026661734
23 2 0.467164879388163 -0.368092440360291 0.247081505996607 -0.00372440832065254 0.180223966313005 -0.00653777832797944 0.200990693454184 -0.00453305514144044 0.392983603759342 0.129398762255135 0.542709659046739 -0.0124695138390662 0.471027517018874 -0.0485596250964185 0.245985279458826 0.921241386981669 0.175303776825867 -0.201211118069696 0.19860793856591 -0.357107143189199
23 3 0.4574307312881 -0.201291348161459 0.340662300997561 0.00516036270298138 0.191057215447945 0.00196352178523242 0.22420720765696 0.00485039657186273 0.510134695274093 -0.0268976779723671 0.931215196159694 0.00230497345310127 0.385337704219306 0.00695160420128374 0.339914528181794 0.986458516023804 0.18734369178229 -0.089187876544042 0.222684864801998 -0.150489132422528
23 4 0.543059200310429 -0.630751186980921 0.00544490083444055 -0.000821633336093279 0.0128488530169198 0.00204797601361566 0.0200053483348454 0.00162974804626761 0.0187982861212824 -0.0198950905629583 0.0417341637927351 0.00296975072394801 0.0216965880773901 -0.00939031714180562 0.00417441744655614 0.989453093055901 0.00893419962890561 0.140588233200224 0.0147365722233011 0.0575498760924743
23 5 0.531088424136574 -0.634945676651999 0.00615517640472048 0.000113876646523848 0.00883248549752251 -0.00024869166275165 0.0157206682695108 -0.000628546012852561 0.0521959306636262 -0.00477855834197506 0.0417607773612365 0.00440625932431419 0.0204032656243438 -0.00188124393913336 0.00526970790699056 0.978706305236853 0.0081426484744192 -0.0986827946948089 0.0130647400781699 -0.224194972481527
23 6 0.551576627950253 -0.625990423588982 0.0154685643145548 -0.000603500378120807 0.00578055420471171 -0.00230616732886141 0.00784133554511117 0.00138857619047631 0.0175045551327696 0.0168520853695669 0.0332478639831441 -0.0135017304552665 0.00997825039034205 0.0109446968400572 0.00912462735525387 0.0576827989066083 0.00468218091818497 0.450087865011424 0.0059065646405606 0.891803078677231
24 1 0.473945996502654 -0.41538990618725 0.173369344453918 0.00122229159924182 0.146233780845371 -0.00168019369166593 0.130918794864905 0.000264811474363066 0.366917891364675 -0.0246202452636847 0.394594050165022 0.00686493980348721 0.294573905822097 0.00705622974776899 0.173006566774583 1.00777846336179 0.144992752525762 -0.0978540253744675 0.130048039406233 -0.142625842467319
24 2 0.474251576812081 -0.434218909903652 0.214425034179441 8.87810222450408e-05 0.152609663496876 -0.0030116717454059 0.136896397122434 -0.00088611690854374 0.369679194448213 0.121565827550998 0.33230557981753 -0.0115777016517443 0.353432007880855 -0.0242701431238615 0.213386021992035 0.969215353146437 0.14825563807211 -0.22049000923556 0.134230349651062 -0.227869090687454
24 3 0.472990421003547 -0.357605428971715 0.299441316636735 0.0045819030737816 0.15503496074246 0.00253682941317481 0.145894473895894 0.00227452937855873 0.496388099870734 -0.0565626713770923 0.396502297250698 0.0120825392928948 0.24861218528175 0.0131876436708381 0.298686334763098 1.00494741829626 0.153391653388352 -0.10673165686837 0.144741640982161 -0.139851025514592
24 4 0.526925830839725 -0.644531337674892 0.0044746992169031 -0.000803708724835541 0.00920635166931864 0.00215973537091414 0.0107488290566089 0.00180960148033076 0.0120513424253895 -0.00804027733113583 0.0188877082805819 -0.000155472865942023 0.0160997236861449 -0.00263696756538066 0.00389198453345281 0.97763702289652 0.00715584476089877 0.200673326255556 0.0079829129876793 0.103138843617483
24 5 0.53344655282101 -0.63211724002205 0.00555919068002549 0.000610150799629857 0.0125177139383254 0.00148122766033127 0.0155635293925433 0.000148536752947477 0.0358879506100518 8.75810166160623e-05 0.027044663800474 0.00248757751647306 0.0167383701467678 -0.00391410181859304 0.0051128719718391 1.01189617226896 0.0103919512831737 -0.124513668662539 0.0119395488265305 -0.0570989005865554
24 6 0.541737906273239 -0.632110965329772 0.0118206676066413 -0.000874605201987492 0.00461607006880891 -7.7344291136322e-05 0.00777956815946245 0.000411490551818615 0.0168058902229336 0.0137479331970366 0.0324024928370416 -0.00925274037657332 0.0110525769217756 0.0112394233258997 0.00742014455855735 0.0800732814010999 0.00427384649118771 0.749618345633868 0.00633760807777892 0.661735446326615
25 1 0.482757503377511 -0.459163119323085 0.132676876214567 0.0013182546168194 0.144914136002536 0.000337694797055063 0.104250160459671 0.000667196870690934 0.523174418778638 0.0163812406648459 0.305131280195338 -0.00110095115723287 0.21389610016353 0.00185752272030182 0.132071437236196 0.992281535643775 0.143759418314236 -0.107925264381543 0.101761298359176 0.178892222326322
25 2 0.493089266961923 -0.483770949439488 0.176938959869248 0.00145743099439489 0.134453477387971 -0.00408318871713034 0.129536936374028 -0.00486401246936054 0.446671315104531 0.0886947116963953 0.435543768629918 -0.0123474943566935 0.213208360293401 0.00748917959604926 0.174485850232752 0.985536538254637 0.130398787238202 -0.201880849880396 0.12018055691863 0.0951185820495369
25 3 0.48048742191466 -0.42830446065136 0.243875002752261 0.00470294576922362 0.148554827692378 -0.000867172402483571 0.100502541005873 0.00114464986742858 0.620995719599269 0.0361960982324934 0.36687342761903 -0.00915135775799202 0.271513235102471 0.0072614628678994 0.24296023182827 0.990151330024865 0.146289971159362 -0.0547440419358643 0.0968397308397947 0.208984003862003
25 4 0.534204894318477 -0.643208691130502 0.00405263053321154 0.000228888817708784 0.0107093709276219 0.00131568306162879 0.00929512748945172 -0.000207475638503714 0.010487428585751 -0.00762489182880284 0.016407818984651 -7.92750256854723e-05 0.0154412597016829 -0.000343351780782542 0.00312924240720427 0.940807588951278 0.00600411540277114 0.225606816807416 0.00661846906257139 0.157270393148258
25 5 0.528500727750385 -0.643209341002835 0.0040275162072336 0.000120771842432997 0.00949449643937134 0.000480164093228104 0.00938448199846331 0.000385673023339355 0.0266410521551826 0.00315398967684805 0.019803560385856 0.00214785689713444 0.0158399580266176 -0.000344584855174974 0.00374585261812606 0.985691397946128 0.00785499739024239 -0.139499367873782 0.00684585742797033 0.191058359949683
25 6 0.545450415711338 -0.587487201851539 0.0309468947070471 -0.00523696678159707 0.0543883141083633 -0.000492400357941964 0.0538726776206147 0.0030001312606521 0.0976883169570014 0.0328927484440188 0.0505213211891048 0.00160087549388538 0.0453209586103265 0.0237962243224585 0.027847727438501 0.00427790909686849 0.0732492962913993 0.632640659038746 0.0586479939736807 0.510806570758212
26 1 0.465080130468016 -0.390483686369589 0.215794116497439 0.00201812948831424 0.149270469865425 0.00204824211086586 0.122889705819611 0.000749615696812118 0.443297879507467 0.0283387315358219 0.326792843507268 -0.00186215360488388 0.314718968971549 0.00190133051532274 0.215436420866234 1.00923864094483 0.148481157513547 -0.112758722382946 0.122367826299418 0.101295767813137
26 2 0.480136846789247 -0.410085932559618 0.27141050432377 0.00110518623402218 0.164163198622099 -0.00446546130837414 0.110101420011102 -0.0036160460467081 0.393323371623625 0.00599607092252282 0.305847028312446 0.00621434469834877 0.336731132419668 -0.00361998746395012 0.270525287857623 0.995302774225817 0.161409728968057 -0.230524572166462 0.107890580521199 -0.0110582909542486
26 3 0.467151493916604 -0.32106809748104 0.382839406998407 0.00331717199080936 0.170576613805205 0.00367073520497988 0.131643959673919 0.00163279560335441 0.583996709413718 0.0218449897619302 0.405126204407831 -0.00852650198246643 0.325612871824347 0.000718572982111221 0.382074333688865 1.00081523840069 0.169018437894412 -0.057606730320834 0.130671195286027 0.146218693117709
26 4 0.538163762448172 -0.640617294915573 0.00799169936040557 -0.00389116631450526 0.011846867015611 0.00529865155262112 0.0120169850158947 0.00365375023808883 0.00951202265694971 -0.00949141214501528 0.0223395708290005 -0.0041837665778865 0.0184414620727279 -0.00654185682710296 0.00631361447916734 0.878627259653088 0.00735940187507971 0.24427648493297 0.00904294171295709 0.304710502718506
26 5 0.533694523050013 -0.641908997318011 0.00367036942726512 0.000754627762160656 0.010366252909853 0.000328780114197478 0.00968198395864605 -0.000557612189191095 0.0245270008834557 0.00340376713682084 0.0154779902210168 0.000657946263750707 0.0143499709005628 -0.00369280773655252 0.00309789540374987 1.01135100129477 0.00770939967192844 -0.120828340942204 0.00740550862865809 0.0801564532252798
26 6 0.545536215521252 -0.638569183278836 0.0113458468322338 -0.00112461264020851 0.00459815173714061 -0.00103200971877288 0.00581340056374734 0.00112840937671183 0.0101211546401659 0.0109354825734753 0.017837669442564 -0.00702224305290444 0.0170562177903617 0.0291622010699281 0.00497216767062172 -0.104057258001533 0.00345595781877519 0.812660346704838 0.00487454877452599 0.594865291738766
27 1 0.468490345338959 -0.376265468504366 0.213100661907851 0.00150343048686761 0.140566723323873 0.00134482685928203 0.129394091394474 -0.000476755858780765 0.344047981748305 -0.0565989374833057 0.361907410896821 0.0197417026663564 0.365283196248048 0.0168561828815421 0.212799906785939 0.997574979462369 0.139825151629478 -0.166554288888943 0.128657173983841 -0.129033191906871
27 2 0.48671284301688 -0.424642532631276 0.230332207965707 -0.00062850766510852 0.156332742123246 -0.000327172281254669 0.141373104503468 -0.00389380839957488 0.38271118061806 -0.0649426047410669 0.317429538420345 0.0367162703637829 0.404096391352728 0.026758004724531 0.229575650289904 0.941575431458396 0.15311331276507 -0.209650966255264 0.139527722934781 -0.296697687539888
27 3 0.47435384225082 -0.311046129842555 0.380712489876081 0.0070344676098921 0.155826982362451 0.00307204998647072 0.139694702282575 -0.000401955290749948 0.555773836601046 -0.130929589818878 0.398691792821435 0.0290860335286648 0.361542399342705 0.0319462409964727 0.379975915103679 0.99371411606141 0.154634191632124 -0.144457387776227 0.13823339466764 -0.142456240594286
27 4 0.533984958770938 -0.645227830453468 0.00512894254453977 -0.000703427218209125 0.00658869898368912 0.000889605899460204 0.00916579177531565 0.000984157250307763 0.0117197594785488 -0.00963940303014082 0.0157387851616576 -0.00229499393708394 0.0139519842032889 -0.00119066392419597 0.00339729472552319 0.921468698441948 0.00440890703336009 0.229818243519638 0.00600100677416809 0.26501444502372
27 5 0.535052504532977 -0.642257620140047 0.00403354072269024 0.000438426001695312 0.00939162402749874 0.000356404127868401 0.00978628157884006 0.000230516077150059 0.0279084376096347 0.00118159979779814 0.0154084442160054 0.00318026474662931 0.0112557245225921 -0.00634583447888921 0.00361897094847399 1.01095925464883 0.0076978958476635 -0.168548832117848 0.0074251640435369 -0.0107048115940556
27 6 0.539991225164833 -0.643883354524315 0.00841856814274838 -0.000644965601999436 0.00451193532332102 -0.000406678500646097 0.00542909205824446 0.000241345290044363 0.0114195163778314 0.00841058834540231 0.0140393294131175 -0.00949819669082834 0.0126631975319254 0.0143293675386003 0.00550376693776835 -0.0397810345409496 0.004131444796338 0.58027296293892 0.0047048422125479 0.819101730842628
28 1 0.468082416558165 -0.392253679309277 0.231123679433876 0.00253852287541621 0.152424877240309 0.00194257619418155 0.128744857451537 0.00250349263495593 0.433794832108375 -0.076685342731675 0.386542545995777 0.0285577198677537 0.368923898392147 0.0159174481140792 0.230739125109899 0.997325949089281 0.151436516424383 -0.207401075548614 0.127559953663125 -0.125765759990366
28 2 0.473584351968701 -0.399536600603253 0.247674578223431 -0.00126383014515504 0.147493415624257 -0.00448071312717022 0.131431888466737 -0.00330993315795507 0.420715642304322 -0.100801533203727 0.400600870663003 0.0459177364387161 0.394729068133135 0.0106961006778978 0.246812056983024 0.931471518438385 0.144462353378541 -0.316812575479069 0.128270331181185 -0.267421967634406
28 3 0.46256315184821 -0.290308859110655 0.367165786787299 0.00613153788635588 0.199297636297267 -0.000997384245848624 0.121532780027124 0.0008498983691924 0.639037492557335 -0.111116474114217 0.568976973456395 0.0408975514526802 0.337730058473329 0.0255815340244646 0.366531795792964 0.99134642511063 0.198223838595098 -0.216863404832856 0.120020862501991 -0.123096701728734
28 4 0.523550153103677 -0.635256916763355 0.00685329936968112 -6.91822563026442e-05 0.0119995409764899 -0.00063679762378802 0.0144155011987142 -0.000940523215682233 0.0194006670678952 -0.00622195143741834 0.0354515814871507 0.00338614232648523 0.0231907428763009 0.000483938173606983 0.00639141140760205 0.96973679313322 0.00984753949609466 -0.0943208603168046 0.0117774845675633 0.125589335747604
28 5 0.519990161399115 -0.62584104444212 0.00864811646135582 0.000111883751039948 0.0229695512232991 0.000112816431354787 0.0200881750613255 0.000722208701236063 0.102684495482779 0.0031975356376049 0.0479373057763781 0.000568381666090459 0.0382693517908603 0.000377693951814539 0.00818567681065311 0.998817568802673 0.020581123572107 -0.227416592447729 0.0169268939256172 -0.0424064970251218
28 6 0.530976406623764 -0.638434199443543 0.0115268664369735 -0.00025055319538881 0.0110631316160937 0.000285804095352277 0.0108577686175185 7.19707928714611e-05 0.0407439050220971 0.0108637316373529 0.0325878150453997 -0.01010021992086 0.0204104207041765 0.00334051260641521 0.00931460841648125 -0.0112417715330118 0.00871338056860623 0.160959439820299 0.00939602825249733 0.00994377939536819
29 1 0.459750416503951 -0.351448955219892 0.269678452018307 0.000950363888338782 0.156889021579592 0.00165680174236045 0.139193449879474 0.00162811928724764 0.351007106535308 0.0228996797542945 0.628355096961607 0.00145691638368366 0.27807316748732 0.00187121951778967 0.269218475853946 1.00938171511193 0.1564390293531 -0.106602882117231 0.137403429211012 0.0893325407597767
29 2 0.485009059372236 -0.362918290363737 0.298129009054982 -0.00017394531450813 0.151700200325563 -0.00549010908374583 0.200764667903675 -0.0016208364466983 0.590447809205065 0.128273810141765 0.80282633204084 -0.0287149970107101 0.304906157230273 0.00196793868558509 0.296809987672386 0.985012667156454 0.14933574950877 -0.212668173843596 0.193596642788944 0.036115844740623
29 3 0.466798126904517 -0.315867664963298 0.380704716245152 0.00613391496772405 0.151642940916146 0.00231891637689002 0.142727254354783 0.00444112521494664 0.62687149247679 -0.00510566707243444 0.468624244231351 -0.00118999190537712 0.33574600205776 0.000798445862427723 0.379599283410476 1.00481452214207 0.148518694688158 -0.0552008589757023 0.13715438469713 0.0885920235040992
29 4 0.54030786087254 -0.641993236339781 0.00442555668297803 -4.6625231331669e-05 0.00801625981429409 0.000326254762997112 0.00876922549859137 -0.000621728693474227 0.0102513343846895 -0.0104121910331775 0.010941630376972 -0.000470857813882775 0.0161237699285876 -0.0122958359104193 0.00280215232460194 0.958685783558072 0.00461467707317825 0.172473610824857 0.0052043217200387 0.272999172403515
29 5 0.536209908171482 -0.648134148642433 0.00269589941460357 0.00010050392285608 0.0069787725029355 -9.62063019971295e-06 0.00658535523455618 -6.41417928390994e-05 0.0208611540485196 0.000230610445777457 0.00938697558611428 0.00107328645260613 0.0102452813532615 -0.00149031734899344 0.00250086029701296 1.01704893539884 0.00591362525704553 -0.0400628257938214 0.00576108073932783 0.0252754400132681
29 6 0.547384622922697 -0.644200660903232 0.00654569802367715 0.00203820264018042 0.0034007041354751 -4.02896150763041e-06 0.00531792511942735 -0.000337173953323841 0.00668286297433032 0.00194171533655598 0.00756038973614466 -0.000766612792083375 0.0142999733892284 0.0181511515943187 0.00339260349792625 0.0917692683407883 0.00287575017954311 0.818172776717491 0.00402478140660853 0.569924994249754
30 1 0.458741626903586 -0.372126475815332 0.21377687740787 0.00141814319444741 0.142915835473798 0.000873733862184481 0.161196730528146 0.00442345554378408 0.534702305242782 -0.0145574810550291 0.772123337233127 0.0102065896468877 0.397991194092752 0.00204177319570529 0.213386643264873 1.01184516683509 0.141735552502445 -0.13747406716026 0.157634453059972 -0.00491361788645937
30 2 0.489520080840848 -0.437717899563423 0.212441461879765 0.000387191912818691 0.150814810248174 -0.00309492256133199 0.187349269742007 -0.00391994051943584 0.442469036206698 0.0281083073213876 0.703187821950686 0.00382877237381367 0.383947525358467 0.000840765436481856 0.210748566765783 0.987374967184231 0.144250961818697 -0.209836964390021 0.174421446363521 -0.031090739349015
30 3 0.464525701807421 -0.357325632305771 0.307551592370185 0.00353227022411246 0.167906047869512 0.00114534017404723 0.143788708716764 0.00384488130548129 0.640938609329952 -0.0430106588220909 0.549055369022864 0.00650882919496344 0.343373220921677 0.00408643427358639 0.306478452499796 1.00888956879907 0.164470071529226 -0.106535255063331 0.137999022665928 0.0264094147233743
30 4 0.532835681402282 -0.643920297663824 0.0067396035766143 -0.00183711519389034 0.0123494420381658 0.0048270320454559 0.0119001580375133 0.00297415160033131 0.0120330379196233 -0.00826523634900021 0.0200179508389371 0.000148835111692435 0.0239555843564671 -0.00689904872797336 0.00595842767627334 0.910524566706168 0.0102334987234861 0.136283047584278 0.00894722050919319 0.333653237355785
30 5 0.527699114956464 -0.628574359804318 0.00870959178073545 -2.71728322518208e-05 0.0202422007641691 0.000220288797282877 0.0186986153811562 -2.08162970907725e-06 0.078845015401059 0.000673654537624817 0.0474021396405918 0.00364048472253545 0.0356821615708846 -0.0023940611627192 0.00862017047908346 1.01274536655607 0.0174635061422034 -0.0812794421629103 0.0158289322488976 0.0181934706620661
30 6 0.529010124054845 -0.6405405362605 0.00909847172368132 0.000777661747060653 0.00955725969227243 -0.00112879839739432 0.00895259491193439 0.00159340791771466 0.0246334915435502 0.00110548694206883 0.0280068007165641 -0.000592971066639038 0.0172562310671206 0.00343379689453538 0.00835270009001775 0.09196740008072 0.00905730650141101 0.742848158887608 0.00831817632222247 0.660602189295964
